NU_ANO_CENSO|CO_MUNICIPIO|TOTAL_MAT|TOTAL_MAT_EAD|TOTAL_MAT_PRESENCIAL|TOTAL_MAT_SEMI|TOTAL_ESCOLA|TOTAL_ESCOLA_EAD|TOTAL_ESCOLA_PRESENCIAL|TOTAL_ESCOLA_SEMI|TOTAL_ESCOLA_INTERNET
2019|2304400|409103|33|386598|22472|674|1|483|9|484
2019|2313005|4522|0|4522|0|13|0|10|0|10
2019|2307304|50401|0|46731|3670|115|0|106|1|98
2019|2302503|15925|0|15085|840|43|0|41|1|24
2019|2310209|11131|0|11131|0|39|0|35|0|32
2019|2312908|49459|0|47136|2323|83|0|81|1|80
2019|2311231|2316|0|2316|0|14|0|9|0|6
2019|2313401|24905|0|23644|1261|78|0|65|1|58
2019|2309003|3809|0|3809|0|37|0|12|0|12
2019|2312700|5685|0|5098|587|27|0|18|1|18
2019|2305803|12409|0|11760|649|64|0|36|1|24
2019|2303709|80180|0|78355|1825|185|0|166|1|133
2019|2313104|6483|0|6483|0|23|0|20|0|20
2019|2302800|19739|0|18850|889|193|0|89|1|33
2019|2309607|20176|0|16699|3477|58|0|40|1|37
2019|2307601|10451|0|9593|858|44|0|26|1|26
2019|2312601|2877|0|2877|0|29|0|12|0|10
2019|2301208|8227|0|8227|0|30|0|22|0|19
2019|2300507|3315|0|3315|0|22|0|17|0|7
2019|2301257|3222|0|3222|0|36|0|11|0|11
2019|2307403|7628|0|7628|0|20|0|18|0|18
2019|2304905|3330|0|3209|121|16|0|11|1|11
2019|2305506|21440|0|20907|533|58|0|54|1|52
2019|2310803|5594|0|5594|0|25|0|21|0|19
2019|2300200|18717|0|17949|768|53|0|51|1|51
2019|2301703|5753|0|5283|470|23|0|20|1|17
2019|2310506|12857|0|12857|0|49|0|42|0|40
2019|2307650|53755|0|50524|3231|105|0|98|2|100
2019|2308807|2769|0|2769|0|21|0|12|0|8
2019|2302909|4550|0|4550|0|17|0|16|0|16
2019|2303303|3680|0|3629|51|14|0|10|1|10
2019|2307809|8985|0|8985|0|48|0|28|0|28
2019|2306405|39066|0|37400|1666|122|0|109|1|80
2019|2313559|4483|0|4483|0|24|0|22|0|18
2019|2304954|6946|0|6946|0|27|0|27|0|25
2019|2309508|4523|0|4318|205|20|0|16|1|11
2019|2303006|4710|0|4710|0|33|0|23|0|12
2019|2307254|6455|0|6455|0|23|0|20|0|20
2019|2301950|6740|0|6740|0|29|0|17|0|6
2019|2309458|6921|0|6921|0|44|0|22|0|21
2019|2313757|5970|0|5970|0|28|0|19|0|13
2019|2308377|4618|0|4618|0|47|0|13|0|11
2019|2308500|12298|0|12298|0|68|0|43|0|38
2019|2305407|16973|0|16377|596|87|0|71|1|55
2019|2303659|4430|0|4430|0|19|0|13|0|13
2019|2302602|24444|0|23396|1048|99|0|50|1|50
2019|2310308|8747|0|8658|89|78|0|64|4|38
2019|2301604|5809|0|5766|43|25|0|18|1|18
2019|2312403|16429|0|15925|504|57|0|53|1|51
2019|2314003|9647|0|9552|95|56|0|34|1|21
2019|2301109|18297|0|18297|0|63|0|53|0|53
2019|2314102|19643|0|19217|426|105|0|73|1|35
2019|2302008|4394|0|4394|0|26|0|25|0|23
2019|2312205|13193|0|13193|0|129|0|42|0|42
2019|2304004|8507|0|8507|0|26|0|18|0|18
2019|2305332|5328|0|5165|163|20|0|13|1|8
2019|2309409|9561|0|9561|0|79|0|28|0|24
2019|2304285|16862|0|16862|0|43|0|43|0|41
2019|2304202|27078|0|25806|1272|84|0|72|1|71
2019|2305308|6769|0|6769|0|28|0|22|0|21
2019|2308351|3770|0|3770|0|12|0|9|0|9
2019|2311306|17327|0|16713|614|65|0|64|1|44
2019|2304707|18547|0|17587|960|75|0|60|1|50
2019|2306702|4429|0|4429|0|29|0|17|0|17
2019|2300606|1838|0|1838|0|17|0|7|0|7
2019|2309706|15381|0|15381|0|41|0|40|0|39
2019|2311900|4253|0|4253|0|40|0|15|0|3
2019|2307700|23339|0|21675|1664|91|0|88|2|59
2019|2312304|14260|0|13808|452|87|0|37|1|13
2019|2306801|3806|0|3806|0|17|0|14|0|14
2019|2311603|6771|0|6771|0|53|0|32|0|27
2019|2305233|16065|0|15461|604|51|0|50|1|50
2019|2310704|11847|0|11798|49|57|0|34|1|31
2019|2311405|20412|0|20412|0|159|0|91|0|77
2019|2300804|2418|0|2418|0|18|0|7|0|4
2019|2311264|6966|0|6966|0|58|0|32|0|26
2019|2303808|5810|0|5810|0|43|0|25|0|23
2019|2304350|4770|0|4770|0|30|0|15|0|12
2019|2306009|4165|0|4165|0|26|0|17|0|14
2019|2311108|4856|0|4856|0|30|0|17|0|10
2019|2306553|11462|0|11462|0|84|0|67|0|62
2019|2307007|7949|0|7949|0|29|0|26|0|17
2019|2310258|9088|0|9088|0|35|0|33|0|27
2019|2303600|3336|0|3336|0|21|0|17|0|8
2019|2309300|7975|0|7975|0|59|0|32|0|19
2019|2306108|10095|0|10095|0|53|0|30|0|24
2019|2313609|11508|0|11508|0|41|0|36|0|34
2019|2302107|8190|0|7215|975|44|0|29|1|25
2019|2308104|10488|0|10488|0|59|0|42|0|37
2019|2303907|3671|0|3671|0|18|0|16|0|12
2019|2310852|7635|0|7635|0|20|0|20|0|18
2019|2304301|4901|0|4901|0|27|0|22|0|18
2019|2312106|3907|0|3907|0|20|0|17|0|17
2019|2306306|11579|0|11303|276|64|0|41|1|41
2019|2300705|3320|0|3320|0|29|0|12|0|10
2019|2300754|10720|0|10670|50|72|0|70|1|38
2019|2308401|9487|0|9487|0|90|0|35|0|23
2019|2308203|5448|0|5305|143|14|0|13|1|14
2019|2309102|2346|0|2346|0|25|0|10|0|5
2019|2300150|3545|0|3545|0|17|0|11|0|3
2019|2311207|2669|0|2669|0|26|0|9|0|6
2019|2305001|12843|0|12556|287|46|0|38|1|33
2019|2303501|17355|0|17355|0|69|0|59|0|39
2019|2311355|4502|0|4340|162|24|0|21|1|13
2019|2313500|15751|0|15257|494|84|0|50|1|34
2019|2313708|2067|0|2067|0|20|0|11|0|8
2019|2313302|14741|0|14094|647|103|0|53|1|47
2019|2300309|13243|0|12480|763|45|0|44|1|43
2019|2305902|11242|0|11242|0|57|0|52|0|44
2019|2308005|9189|0|9010|179|65|0|40|1|40
2019|2313807|7751|0|7751|0|39|0|29|0|21
2019|2304236|6353|0|6353|0|39|0|32|0|22
2019|2313351|6550|0|6309|241|61|0|46|1|22
2019|2306603|11069|0|11069|0|64|0|36|0|19
2019|2301851|5455|0|5455|0|26|0|17|0|17
2019|2302305|7198|0|7164|34|36|0|34|1|34
2019|2301901|17403|0|16125|1278|48|0|43|1|41
2019|2304509|4279|0|4279|0|28|0|19|0|11
2019|2306504|5575|0|5575|0|84|0|14|0|14
2019|2306900|10875|0|10422|453|81|0|39|1|30
2019|2311801|20389|0|20141|248|46|0|38|2|36
2019|2301505|1786|0|1786|0|33|0|9|0|9
2019|2311009|4131|0|4102|29|32|0|11|1|11
2019|2304103|22480|0|21448|1032|153|0|64|2|54
2019|2302701|7549|0|7549|0|44|0|25|0|18
2019|2310100|3165|0|3165|0|30|0|12|0|10
2019|2303105|5878|0|5349|529|26|0|21|1|20
2019|2304657|6304|0|6226|78|29|0|17|1|18
2019|2303204|8006|0|8006|0|88|0|21|0|20
2019|2310902|4024|0|4024|0|16|0|12|0|12
2019|2307635|5545|0|5545|0|56|0|22|0|19
2019|2308708|16618|0|16618|0|51|0|35|0|23
2019|2311504|5168|0|5168|0|18|0|18|0|18
2019|2309201|4185|0|4185|0|20|0|10|0|10
2019|2308906|6943|0|6943|0|26|0|19|0|19
2019|2301307|6492|0|6435|57|32|0|26|1|23
2019|2302206|12711|0|12711|0|55|0|45|0|43
2019|2304459|4101|0|4101|0|21|0|12|0|12
2019|2306256|12497|0|12497|0|29|0|28|0|27
2019|2313955|4988|0|4988|0|33|0|23|0|20
2019|2305605|5595|0|5595|0|97|0|31|0|17
2019|2302057|4730|0|4730|0|16|0|15|0|14
2019|2303956|6728|0|6728|0|35|0|22|0|19
2019|2311959|5017|0|5017|0|34|0|27|0|18
2019|2302404|14211|0|14211|0|81|0|74|0|49
2019|2307502|5634|0|5634|0|47|0|27|0|27
2019|2307908|2971|0|2971|0|28|0|18|0|13
2019|2310001|2649|0|2649|0|17|0|9|0|9
2019|2301000|21140|0|20866|274|63|0|61|1|62
2019|2307106|8241|0|8241|0|51|0|26|0|24
2019|2300101|2425|0|2425|0|21|0|17|0|5
2019|2300903|2854|0|2566|288|53|0|19|1|12
2019|2309805|3153|0|3153|0|21|0|12|0|10
2019|2304251|7031|0|7031|0|30|0|29|0|29
2019|2301406|4171|0|4171|0|16|0|12|0|11
2019|2311702|4805|0|4805|0|26|0|24|0|22
2019|2305357|5531|0|5531|0|24|0|17|0|15
2019|2310951|2319|0|2319|0|30|0|17|0|11
2019|2310407|2482|0|2482|0|23|0|19|0|8
2019|2313906|5641|0|5641|0|41|0|15|0|15
2019|2304608|2833|0|2833|0|19|0|10|0|9
2019|2301802|1322|0|1322|0|34|0|6|0|5
2019|2305209|4959|0|4959|0|19|0|17|0|13
2019|2313252|2859|0|2674|185|25|0|8|1|9
2019|2305100|1729|0|1729|0|15|0|10|0|5
2019|2303931|3635|0|3519|116|24|0|17|1|8
2019|2304269|2257|0|2257|0|10|0|8|0|8
2019|2312007|9375|0|9375|0|74|0|26|0|17
2019|2308302|6032|0|5229|803|19|0|18|1|17
2019|2308609|6323|0|6323|0|79|0|26|0|21
2019|2307205|2330|0|2330|0|10|0|8|0|8
2019|2306207|2314|0|2314|0|10|0|7|0|7
2019|2304806|1822|0|1822|0|18|0|11|0|6
2019|2300408|3323|0|3323|0|27|0|20|0|8
2019|2305704|2456|0|2456|0|11|0|11|0|8
2019|2310605|2510|0|2510|0|17|0|11|0|10
2019|2305654|2666|0|2666|0|31|0|9|0|9
2019|2313203|7155|0|7155|0|51|0|36|0|25
2019|2303402|4521|0|4521|0|36|0|20|0|18
2019|2312809|2265|0|2265|0|18|0|9|0|7
2019|2304277|1651|0|1651|0|15|0|9|0|8
2019|2309904|2800|0|2800|0|10|0|10|0|7
2019|2305266|3213|0|3116|97|25|0|15|1|6
2019|2312502|1392|0|1392|0|34|0|6|0|6
