NU_ANO_CENSO|CO_MUNICIPIO|TOTAL_MAT|TOTAL_MAT_EAD|TOTAL_MAT_PRESENCIAL|TOTAL_MAT_SEMI|TOTAL_ESCOLA|TOTAL_ESCOLA_EAD|TOTAL_ESCOLA_PRESENCIAL|TOTAL_ESCOLA_SEMI|TOTAL_ESCOLA_INTERNET
2016|2307304|48189|0|44932|3257|133|0|112|1|100
2016|2300903|3550|0|3331|219|53|0|22|1|12
2016|2305233|16547|0|16040|507|62|0|48|1|41
2016|2301109|14214|0|14214|0|100|0|50|0|48
2016|2301901|14707|0|13988|719|96|0|42|1|38
2016|2302206|14630|0|14630|0|95|0|49|0|44
2016|2302800|19372|0|18572|800|215|0|103|1|27
2016|2307650|56558|194|53861|2503|112|1|102|2|102
2016|2300309|13520|0|13015|505|212|0|44|1|29
2016|2304103|16155|0|15288|867|152|0|67|1|58
2016|2308906|6654|0|6654|0|50|0|25|0|23
2016|2302404|16029|0|16029|0|196|0|76|0|35
2016|2310308|9014|0|8889|125|191|0|76|4|36
2016|2314003|8646|0|8590|56|129|0|45|1|31
2016|2313401|22280|0|20028|2252|152|0|74|1|57
2016|2309300|6718|0|6718|0|80|0|50|0|17
2016|2305001|10452|0|10360|92|59|0|41|1|26
2016|2311603|7062|0|7062|0|54|0|38|0|27
2016|2300507|2761|0|2761|0|34|0|19|0|8
2016|2309409|7096|0|7096|0|81|0|28|0|12
2016|2309607|17228|0|13970|3258|68|0|55|1|36
2016|2306801|2738|0|2738|0|26|0|13|0|13
2016|2312205|12261|0|12261|0|145|0|52|0|40
2016|2310852|8940|0|8940|0|22|0|19|0|14
2016|2301000|17804|0|17494|310|88|0|60|1|60
2016|2308401|8149|0|8149|0|93|0|35|0|12
2016|2306900|8561|0|8316|245|112|0|52|1|25
2016|2303501|17303|0|17303|0|120|0|62|0|36
2016|2300754|11282|0|11282|0|144|0|71|0|46
2016|2301604|5016|0|5016|0|66|0|16|0|13
2016|2306256|12510|0|12510|0|33|0|27|0|26
2016|2304285|15244|0|15244|0|42|0|42|0|42
2016|2303303|3271|0|3215|56|51|0|11|1|11
2016|2305605|5116|0|5116|0|108|0|52|0|8
2016|2307635|4193|0|4193|0|63|0|23|0|17
2016|2310100|2496|0|2496|0|29|0|16|0|9
2016|2301703|5706|0|5297|409|80|0|23|1|16
2016|2311264|5058|0|5058|0|109|0|34|0|16
2016|2306306|12842|0|12609|233|62|0|41|1|34
2016|2306108|6690|0|6690|0|70|0|33|0|18
2016|2303808|5316|0|5316|0|43|0|26|0|20
2016|2305902|9600|0|9600|0|117|0|52|0|47
2016|2307106|7480|0|7480|0|66|0|31|0|21
2016|2303956|5764|0|5764|0|33|0|21|0|14
2016|2307809|9187|0|9187|0|59|0|29|0|22
2016|2311900|4187|0|4187|0|55|0|17|0|2
2016|2305803|10029|0|9490|539|89|0|36|1|26
2016|2312403|13991|0|13819|172|61|0|40|1|40
2016|2300200|15314|0|14655|659|85|0|52|1|50
2016|2302057|4736|0|4736|0|15|0|15|0|6
2016|2310605|2591|0|2591|0|23|0|11|0|7
2016|2307403|5817|0|5817|0|63|0|18|0|16
2016|2302701|6402|0|6247|155|60|0|34|1|15
2016|2307205|2364|0|2364|0|36|0|10|0|5
2016|2306009|3549|0|3549|0|45|0|17|0|7
2016|2304202|26406|13|24763|1630|112|1|81|1|74
2016|2305506|17060|14|16345|701|83|1|56|1|50
2016|2306405|32851|0|31552|1299|150|0|118|1|53
2016|2302602|15477|0|14639|838|98|0|51|1|44
2016|2313302|16054|0|15180|874|192|0|80|1|68
2016|2301950|5862|0|5862|0|31|0|18|0|6
2016|2305308|5409|0|5409|0|38|0|22|0|21
2016|2313203|6412|0|6412|0|181|0|48|0|32
2016|2309458|6689|0|6689|0|49|0|20|0|20
2016|2312007|10907|0|10153|754|200|0|26|1|20
2016|2304251|6092|0|6092|0|29|0|26|0|26
2016|2303709|74120|0|74120|0|219|0|164|0|112
2016|2306553|11186|0|11186|0|97|0|76|0|41
2016|2308351|3371|0|3371|0|42|0|9|0|8
2016|2303402|4082|0|4082|0|41|0|29|0|23
2016|2302008|4198|0|4198|0|70|0|25|0|19
2016|2303659|3527|0|3527|0|29|0|14|0|11
2016|2307601|11658|0|10742|916|45|0|25|1|25
2016|2309706|13336|0|13336|0|42|0|40|0|36
2016|2305100|1563|0|1563|0|19|0|12|0|6
2016|2303600|3059|0|3059|0|26|0|17|0|6
2016|2304954|6660|0|6660|0|37|0|27|0|22
2016|2313104|6173|0|6173|0|41|0|23|0|20
2016|2304707|16555|0|15878|677|98|0|60|1|39
2016|2313500|14332|0|13990|342|121|0|50|1|28
2016|2301307|6812|0|6812|0|40|0|26|0|17
2016|2304004|7018|0|6967|51|45|0|18|1|12
2016|2304509|4174|0|4174|0|28|0|20|0|10
2016|2305209|4308|0|4308|0|68|0|19|0|12
2016|2311504|4074|0|4074|0|31|0|17|0|15
2016|2313807|5828|0|5828|0|40|0|31|0|26
2016|2303907|3371|0|3371|0|24|0|17|0|14
2016|2305407|14312|0|13744|568|155|0|72|1|37
2016|2309904|2181|0|2181|0|20|0|10|0|5
2016|2307502|6251|0|6251|0|57|0|38|0|21
2016|2300606|1877|0|1877|0|18|0|7|0|6
2016|2308708|13265|0|13265|0|118|0|50|0|25
2016|2311108|4350|0|4350|0|63|0|28|0|8
2016|2302909|4327|0|4327|0|17|0|15|0|15
2016|2300150|3260|0|3260|0|17|0|11|0|8
2016|2302503|16072|0|15453|619|92|0|41|1|25
2016|2309102|2175|0|2175|0|25|0|13|0|7
2016|2312601|2756|0|2756|0|29|0|13|0|10
2016|2306504|4444|0|4444|0|84|0|14|0|11
2016|2303931|3100|0|3086|14|69|0|20|1|12
2016|2300804|1912|0|1912|0|26|0|8|0|3
2016|2306603|10391|0|10391|0|87|0|42|0|16
2016|2304236|4514|0|4514|0|46|0|24|0|19
2016|2301257|3629|0|3629|0|36|0|13|0|9
2016|2311306|18541|960|16946|635|171|1|63|1|41
2016|2308609|7207|0|7207|0|73|0|24|0|16
2016|2308377|4062|0|4062|0|47|0|14|0|8
2016|2309508|5355|0|5234|121|40|0|18|1|13
2016|2301208|8130|0|8130|0|70|0|28|0|22
2016|2300101|2425|0|2425|0|29|0|19|0|4
2016|2313005|3435|0|3435|0|60|0|13|0|13
2016|2313955|4679|0|4679|0|33|0|27|0|19
2016|2304400|351910|409|331290|20211|728|1|457|9|453
2016|2300408|3521|0|3521|0|123|0|23|0|8
2016|2308005|9571|0|9398|173|71|0|43|1|27
2016|2310407|2973|0|2973|0|67|0|24|0|5
2016|2300705|3561|0|3561|0|41|0|24|0|18
2016|2308104|10762|0|10762|0|64|0|56|0|30
2016|2306702|3522|0|3522|0|63|0|18|0|13
2016|2304657|4294|0|4241|53|31|0|23|1|22
2016|2310209|9014|0|9014|0|44|0|34|0|16
2016|2305357|5115|0|5115|0|27|0|17|0|11
2016|2313757|4739|0|4739|0|51|0|27|0|10
2016|2313906|4774|0|4774|0|41|0|16|0|14
2016|2308302|6286|0|5753|533|49|0|18|1|16
2016|2313609|8365|0|8365|0|59|0|37|0|18
2016|2301851|4279|0|4279|0|26|0|19|0|16
2016|2308807|2229|0|2229|0|21|0|14|0|4
2016|2305704|2610|0|2610|0|62|0|12|0|6
2016|2312700|5056|0|4478|578|48|0|20|1|20
2016|2303105|6512|0|6113|399|48|0|23|1|21
2016|2311405|20694|0|20694|0|185|0|90|0|65
2016|2311702|4729|0|4729|0|42|0|24|0|22
2016|2310001|2724|0|2724|0|17|0|11|0|8
2016|2304905|2826|0|2632|194|31|0|10|1|11
2016|2301406|3735|0|3735|0|17|0|13|0|11
2016|2312304|16330|0|15765|565|114|0|54|1|19
2016|2308500|9269|0|9269|0|123|0|51|0|21
2016|2310258|7530|0|7530|0|42|0|33|0|27
2016|2303204|7139|0|7139|0|109|0|20|0|9
2016|2311959|5010|0|5010|0|38|0|29|0|9
2016|2313252|2002|0|1924|78|23|0|6|1|6
2016|2310704|9264|0|9152|112|58|0|38|1|25
2016|2313559|4304|0|4304|0|24|0|23|0|18
2016|2307700|26770|0|24972|1798|135|0|90|2|60
2016|2311009|3471|0|3456|15|47|0|12|1|9
2016|2308203|4118|0|4118|0|30|0|13|0|13
2016|2310506|13621|0|13621|0|115|0|43|0|31
2016|2312502|1361|0|1361|0|34|0|7|0|7
2016|2307908|3190|0|3190|0|27|0|18|0|12
2016|2305654|2786|0|2786|0|31|0|10|0|10
2016|2309805|2987|0|2987|0|26|0|14|0|9
2016|2302107|7776|0|6804|972|80|0|36|1|17
2016|2306207|1952|0|1952|0|18|0|6|0|6
2016|2314102|18790|0|18504|286|163|0|104|1|21
2016|2304806|1350|0|1350|0|29|0|11|0|4
2016|2310803|4466|0|4466|0|49|0|25|0|13
2016|2312106|4371|0|4371|0|44|0|20|0|17
2016|2311355|3838|0|3697|141|45|0|22|1|16
2016|2309003|3248|0|3248|0|37|0|14|0|10
2016|2311207|2702|0|2602|100|34|0|13|1|8
2016|2303006|4324|0|4324|0|61|0|24|0|5
2016|2312809|2092|0|2092|0|23|0|9|0|5
2016|2313351|4839|0|4668|171|63|0|42|1|18
2016|2311801|18547|0|18547|0|93|0|41|0|37
2016|2301505|2119|0|2119|0|46|0|9|0|6
2016|2310902|3035|0|3035|0|16|0|13|0|11
2016|2307254|5070|0|5070|0|30|0|18|0|17
2016|2304301|4657|0|4657|0|42|0|23|0|15
2016|2305266|3178|0|3178|0|55|0|20|0|3
2016|2304277|1910|0|1910|0|23|0|12|0|5
2016|2305332|4131|0|4076|55|66|0|13|1|7
2016|2307007|7076|0|7076|0|55|0|28|0|20
2016|2304459|4722|0|4722|0|23|0|12|0|11
2016|2311231|1551|0|1551|0|23|0|9|0|8
2016|2313708|1507|0|1507|0|28|0|15|0|4
2016|2302305|6938|0|6898|40|49|0|35|1|29
2016|2304269|2177|0|2177|0|19|0|9|0|8
2016|2304350|5138|0|5138|0|29|0|14|0|12
2016|2304608|2316|0|2316|0|37|0|10|0|8
2016|2310951|2604|0|2604|0|32|0|19|0|9
2016|2301802|1332|0|1332|0|34|0|7|0|5
2016|2309201|3850|0|3850|0|28|0|10|0|10
2016|2312908|48878|0|46741|2137|178|0|74|1|72
