NU_ANO_CENSO|CO_MUNICIPIO|TOTAL_MAT|TOTAL_MAT_EAD|TOTAL_MAT_PRESENCIAL|TOTAL_MAT_SEMI|TOTAL_ESCOLA|TOTAL_ESCOLA_EAD|TOTAL_ESCOLA_PRESENCIAL|TOTAL_ESCOLA_SEMI|TOTAL_ESCOLA_INTERNET
2020|2311702|4373|0|4373|0|24|0|24|0|23
2020|2306306|11429|0|11166|263|64|0|41|2|41
2020|2307650|55411|0|52073|3338|103|0|96|2|98
2020|2301000|21142|0|20894|248|62|0|61|1|62
2020|2308500|11516|0|11516|0|47|0|43|0|38
2020|2307601|10614|0|9711|903|44|0|26|1|26
2020|2302800|18835|0|18026|809|120|0|89|1|38
2020|2306603|10443|0|10443|0|65|0|35|0|22
2020|2303303|3807|0|3759|48|10|0|10|1|10
2020|2301307|5700|0|5651|49|31|0|26|1|23
2020|2303501|17301|0|17301|0|71|0|60|0|43
2020|2300101|2193|0|2193|0|21|0|16|0|5
2020|2308401|7887|0|7887|0|90|0|34|0|24
2020|2309706|15052|0|15052|0|41|0|41|0|40
2020|2302909|4217|0|4217|0|17|0|15|0|15
2020|2307106|7627|0|7627|0|47|0|25|0|24
2020|2302206|12322|0|12322|0|56|0|45|0|43
2020|2311801|18775|0|18509|266|46|0|38|2|38
2020|2313609|11410|0|11410|0|36|0|35|0|33
2020|2304707|14471|0|13588|883|76|0|61|1|50
2020|2301901|14657|0|13641|1016|48|0|43|1|41
2020|2307304|51446|0|47440|4006|111|0|106|1|99
2020|2302503|14918|0|14051|867|43|0|41|1|26
2020|2302057|4131|0|4131|0|16|0|15|0|14
2020|2304905|3102|0|2948|154|16|0|10|1|10
2020|2311603|7266|0|7266|0|53|0|32|0|26
2020|2304202|25239|0|23716|1523|81|0|72|1|72
2020|2301406|3119|0|3119|0|16|0|12|0|11
2020|2310308|7676|0|7604|72|78|0|60|3|39
2020|2303956|5631|0|5631|0|36|0|22|0|19
2020|2313302|12255|0|11735|520|103|0|52|1|49
2020|2306108|9062|0|9062|0|53|0|29|0|23
2020|2309409|10710|0|10710|0|79|0|28|0|23
2020|2309607|16595|0|13259|3336|56|0|41|1|37
2020|2305001|13298|0|13012|286|42|0|37|1|32
2020|2308104|10088|0|10088|0|59|0|42|0|38
2020|2305605|4554|0|4554|0|97|0|45|0|17
2020|2311264|7549|0|7549|0|58|0|32|0|26
2020|2313401|22453|0|21077|1376|78|0|65|1|60
2020|2301703|4635|0|4159|476|23|0|20|1|17
2020|2303709|76779|0|74467|2312|185|0|166|1|137
2020|2308203|3779|0|3639|140|14|0|13|1|14
2020|2303006|4465|0|4465|0|33|0|22|0|11
2020|2303808|5336|0|5336|0|44|0|22|0|22
2020|2313500|15503|0|15053|450|84|0|50|1|33
2020|2306900|10514|0|10057|457|81|0|39|1|30
2020|2313005|3819|0|3819|0|13|0|10|0|10
2020|2303907|3193|0|3193|0|18|0|16|0|13
2020|2305407|15563|0|14799|764|87|0|70|1|51
2020|2304103|20015|0|19302|713|153|0|63|2|55
2020|2305506|20890|0|20289|601|58|0|53|1|52
2020|2307205|1914|0|1914|0|10|0|8|0|8
2020|2303204|6329|0|6329|0|88|0|21|0|20
2020|2303659|4347|0|4347|0|19|0|13|0|13
2020|2304400|433986|0|413783|20203|683|0|491|9|492
2020|2310209|10626|0|10626|0|39|0|31|0|28
2020|2306256|12420|0|12420|0|28|0|28|0|27
2020|2313203|6826|0|6826|0|49|0|36|0|26
2020|2305308|5777|0|5777|0|27|0|22|0|21
2020|2314003|8491|0|8354|137|54|0|33|2|16
2020|2308302|5843|0|4896|947|19|0|18|1|17
2020|2311108|4295|0|4295|0|30|0|17|0|10
2020|2307502|5603|0|5603|0|47|0|27|0|27
2020|2304004|8217|0|8217|0|26|0|17|0|17
2020|2304459|3572|0|3572|0|21|0|12|0|12
2020|2300507|2549|0|2549|0|22|0|17|0|7
2020|2305654|2620|0|2620|0|31|0|9|0|9
2020|2311207|2211|0|2211|0|26|0|9|0|6
2020|2305233|16156|0|15708|448|54|0|52|1|52
2020|2306009|3904|0|3904|0|27|0|17|0|14
2020|2305803|10638|0|10123|515|64|0|36|1|26
2020|2301505|1702|0|1702|0|33|0|9|0|9
2020|2304285|17592|0|17592|0|44|0|44|0|43
2020|2310001|2670|0|2670|0|17|0|9|0|9
2020|2312106|3730|0|3730|0|20|0|17|0|17
2020|2304657|5889|0|5824|65|29|0|17|1|18
2020|2311405|21760|0|21760|0|160|0|91|0|76
2020|2303105|4465|0|4001|464|27|0|22|1|22
2020|2311306|16135|0|15608|527|66|0|65|1|42
2020|2301109|16480|0|16480|0|63|0|53|0|53
2020|2313559|3933|0|3933|0|24|0|22|0|21
2020|2304509|3937|0|3937|0|29|0|20|0|14
2020|2302008|4061|0|4061|0|26|0|25|0|23
2020|2302701|5748|0|5748|0|45|0|24|0|19
2020|2310951|2216|0|2216|0|30|0|17|0|12
2020|2313906|3251|0|3251|0|41|0|15|0|15
2020|2300150|3233|0|3233|0|17|0|11|0|5
2020|2303600|2857|0|2857|0|21|0|17|0|8
2020|2309904|1814|0|1814|0|10|0|10|0|7
2020|2312205|11862|0|11862|0|129|0|42|0|42
2020|2309458|6203|0|6203|0|44|0|22|0|21
2020|2304236|6917|0|6917|0|38|0|32|0|25
2020|2309300|8183|0|8183|0|60|0|33|0|21
2020|2312700|4573|0|4001|572|27|0|19|1|19
2020|2307635|4308|0|4308|0|56|0|22|0|19
2020|2313807|5517|0|5517|0|39|0|29|0|28
2020|2305902|8945|0|8945|0|57|0|52|0|45
2020|2313104|6021|0|6021|0|23|0|20|0|20
2020|2306702|3586|0|3586|0|29|0|17|0|17
2020|2301851|4112|0|4112|0|26|0|17|0|17
2020|2306553|10633|0|10633|0|83|0|66|0|61
2020|2312304|13187|0|12704|483|52|0|37|1|23
2020|2309805|2420|0|2420|0|21|0|12|0|9
2020|2304954|6446|0|6446|0|27|0|27|0|25
2020|2308708|15426|0|15426|0|51|0|35|0|23
2020|2307700|22686|0|21123|1563|92|0|89|1|59
2020|2311504|4235|0|4235|0|18|0|18|0|18
2020|2310605|2204|0|2204|0|17|0|9|0|8
2020|2300309|11449|0|10738|711|45|0|45|1|44
2020|2300804|1730|0|1730|0|18|0|7|0|4
2020|2306405|32102|0|30429|1673|122|0|107|1|82
2020|2300606|1951|0|1951|0|17|0|7|0|7
2020|2309508|4694|0|4542|152|20|0|16|1|11
2020|2311959|4786|0|4786|0|34|0|27|0|19
2020|2310100|3042|0|3042|0|30|0|12|0|10
2020|2307254|6137|0|6137|0|23|0|20|0|20
2020|2313351|5354|0|5024|330|61|0|46|1|25
2020|2304608|2583|0|2583|0|10|0|10|0|10
2020|2308005|8722|0|8554|168|65|0|37|1|37
2020|2301802|1264|0|1264|0|34|0|6|0|6
2020|2312403|15835|0|15325|510|58|0|54|1|52
2020|2304301|4191|0|4191|0|27|0|22|0|18
2020|2304251|6586|0|6586|0|30|0|28|0|28
2020|2302305|5643|0|5605|38|37|0|33|1|33
2020|2313708|1390|0|1390|0|20|0|11|0|8
2020|2301604|5291|0|5235|56|24|0|18|1|18
2020|2300200|16067|0|15466|601|53|0|51|1|52
2020|2307908|2885|0|2885|0|27|0|18|0|15
2020|2312007|6921|0|6921|0|74|0|26|0|18
2020|2306504|3909|0|3909|0|84|0|14|0|14
2020|2310506|10138|0|10138|0|49|0|42|0|40
2020|2302404|12272|0|12272|0|81|0|74|0|53
2020|2305357|4875|0|4875|0|23|0|17|0|15
2020|2312908|45919|0|43885|2034|86|0|84|1|81
2020|2302107|8504|0|7444|1060|44|0|28|1|25
2020|2300754|10825|0|10776|49|72|0|70|1|41
2020|2309201|3940|0|3940|0|20|0|10|0|10
2020|2314102|17838|0|17350|488|103|0|72|1|51
2020|2307007|8949|0|8949|0|26|0|26|0|20
2020|2310704|9590|0|9555|35|57|0|34|1|31
2020|2311009|3973|0|3947|26|32|0|11|1|11
2020|2305100|1671|0|1671|0|15|0|10|0|5
2020|2309003|3498|0|3498|0|37|0|12|0|12
2020|2313757|4409|0|4409|0|28|0|19|0|13
2020|2301208|6965|0|6965|0|31|0|23|0|21
2020|2308377|3234|0|3234|0|47|0|13|0|12
2020|2308351|2599|0|2599|0|12|0|9|0|9
2020|2305209|3789|0|3789|0|19|0|17|0|14
2020|2303931|3033|0|2914|119|24|0|17|1|8
2020|2303402|4129|0|4129|0|30|0|20|0|18
2020|2302602|14584|0|13690|894|99|0|50|1|49
2020|2310852|7732|0|7732|0|20|0|20|0|18
2020|2304806|1299|0|1299|0|18|0|10|0|7
2020|2301257|2967|0|2967|0|36|0|11|0|11
2020|2310902|3172|0|3172|0|16|0|12|0|12
2020|2305266|3012|0|2909|103|25|0|15|1|7
2020|2308609|6325|0|6325|0|79|0|26|0|21
2020|2308906|4904|0|4823|81|21|0|19|1|20
2020|2310803|5054|0|5054|0|26|0|21|0|17
2020|2311355|3736|0|3553|183|24|0|19|1|14
2020|2313252|1875|0|1740|135|25|0|8|1|9
2020|2305332|4933|0|4762|171|20|0|13|1|10
2020|2301950|6664|0|6664|0|29|0|17|0|7
2020|2307809|7840|0|7840|0|46|0|28|0|28
2020|2306801|3818|0|3818|0|17|0|14|0|14
2020|2300903|2845|0|2544|301|53|0|19|1|12
2020|2312601|2345|0|2345|0|30|0|13|0|12
2020|2313955|4221|0|4221|0|33|0|23|0|21
2020|2300408|3121|0|3121|0|28|0|21|0|10
2020|2311231|2263|0|2263|0|14|0|9|0|6
2020|2312809|1954|0|1954|0|18|0|9|0|7
2020|2311900|3742|0|3742|0|40|0|15|0|7
2020|2310258|8591|0|8591|0|35|0|32|0|26
2020|2304350|4672|0|4672|0|30|0|15|0|13
2020|2308807|2063|0|2063|0|21|0|13|0|8
2020|2312502|1271|0|1271|0|34|0|6|0|6
2020|2310407|2469|0|2469|0|23|0|18|0|8
2020|2306207|2124|0|2124|0|10|0|7|0|7
2020|2309102|2243|0|2243|0|25|0|8|0|7
2020|2300705|3482|0|3482|0|29|0|12|0|12
2020|2307403|7348|0|7348|0|20|0|18|0|18
2020|2304269|1670|0|1670|0|9|0|8|0|8
2020|2304277|1532|0|1532|0|15|0|9|0|8
2020|2305704|2430|0|2430|0|11|0|11|0|9
