NU_ANO_CENSO|CO_MUNICIPIO|TOTAL_MAT|TOTAL_MAT_EAD|TOTAL_MAT_PRESENCIAL|TOTAL_MAT_SEMI|TOTAL_ESCOLA|TOTAL_ESCOLA_EAD|TOTAL_ESCOLA_PRESENCIAL|TOTAL_ESCOLA_SEMI|TOTAL_ESCOLA_INTERNET
2017|2310852|7924|0|7924|0|22|0|20|0|13
2017|2306702|4564|0|4564|0|63|0|18|0|16
2017|2307601|11100|0|10155|945|45|0|25|1|24
2017|2306009|4391|0|4391|0|45|0|17|0|8
2017|2303402|3985|0|3985|0|41|0|26|0|25
2017|2312205|12625|0|12625|0|146|0|53|0|44
2017|2301109|18418|0|18418|0|100|0|50|0|36
2017|2306306|12197|0|11852|345|62|0|41|1|38
2017|2303931|3783|0|3697|86|69|0|17|1|9
2017|2313302|22421|0|21773|648|192|0|81|1|70
2017|2305803|13053|0|12173|880|89|0|35|1|27
2017|2311306|20768|471|19698|599|171|1|62|1|35
2017|2310308|7810|0|7568|242|191|0|70|9|37
2017|2300903|3125|0|2884|241|53|0|22|1|11
2017|2307650|58649|0|56048|2601|113|0|102|2|95
2017|2309607|17212|0|13826|3386|69|0|52|1|35
2017|2302800|21144|0|20228|916|216|0|99|1|36
2017|2311009|4311|0|4272|39|48|0|11|2|9
2017|2302701|7235|0|7070|165|60|0|33|1|11
2017|2305001|12084|0|11785|299|59|0|36|1|24
2017|2301851|5528|0|5528|0|26|0|19|0|16
2017|2307304|50491|0|48044|2447|133|0|111|1|100
2017|2305233|19221|0|18626|595|62|0|48|1|43
2017|2312908|52933|0|50820|2113|180|0|75|1|71
2017|2304251|7106|0|7106|0|30|0|29|0|28
2017|2312403|17819|0|17165|654|66|0|46|1|46
2017|2302057|4850|0|4850|0|16|0|16|0|13
2017|2306603|11157|0|11157|0|88|0|37|0|15
2017|2302206|12835|0|12835|0|96|0|49|0|42
2017|2305605|5227|0|5227|0|108|0|50|0|13
2017|2307908|3185|0|3185|0|27|0|18|0|16
2017|2309409|7465|0|7465|0|81|0|28|0|18
2017|2305902|8646|0|8646|0|117|0|52|0|50
2017|2302107|7642|0|6958|684|80|0|35|1|21
2017|2311405|20830|0|20830|0|185|0|90|0|61
2017|2313500|15291|0|14898|393|121|0|50|1|30
2017|2306553|13503|0|13503|0|97|0|72|0|43
2017|2308807|3427|0|3427|0|21|0|14|0|7
2017|2306900|10320|0|9941|379|112|0|45|1|29
2017|2306801|3264|0|3264|0|27|0|14|0|13
2017|2309508|4315|0|4191|124|40|0|17|1|8
2017|2311603|8049|0|8049|0|54|0|35|0|27
2017|2313401|27836|0|26085|1751|152|0|73|1|58
2017|2301257|3607|0|3607|0|36|0|11|0|11
2017|2305100|1542|0|1542|0|19|0|11|0|6
2017|2307106|9071|0|9071|0|66|0|30|0|21
2017|2303501|19915|0|19915|0|121|0|62|0|39
2017|2313104|7109|0|7109|0|41|0|22|0|20
2017|2311900|4440|0|4440|0|55|0|15|0|4
2017|2309300|7609|0|7609|0|80|0|40|0|14
2017|2312304|11012|0|10575|437|114|0|50|1|21
2017|2307635|5920|0|5920|0|63|0|23|0|17
2017|2304103|21309|0|20278|1031|152|0|64|1|54
2017|2308104|12970|0|12970|0|64|0|56|0|28
2017|2301208|10432|0|10432|0|70|0|25|0|22
2017|2307403|8062|0|8062|0|63|0|18|0|17
2017|2307700|26450|0|24422|2028|135|0|90|1|58
2017|2308401|10295|0|10295|0|93|0|35|0|15
2017|2314003|10312|0|10259|53|129|0|43|1|33
2017|2304202|26873|0|25833|1040|112|0|79|1|74
2017|2300101|2802|0|2802|0|29|0|19|0|4
2017|2313906|5144|0|5144|0|41|0|15|0|14
2017|2308708|17394|0|17394|0|118|0|47|0|25
2017|2305407|21268|0|20572|696|167|0|82|1|38
2017|2307502|8131|0|8131|0|57|0|34|0|26
2017|2312007|11406|0|10631|775|200|0|26|1|19
2017|2301406|4770|0|4770|0|17|0|13|0|10
2017|2303303|3295|0|3232|63|51|0|11|1|11
2017|2313203|8032|0|8032|0|181|0|46|0|27
2017|2305654|3332|0|3332|0|31|0|10|0|10
2017|2310902|4239|0|4239|0|16|0|13|0|12
2017|2306405|43161|0|41468|1693|151|0|119|1|65
2017|2302008|5370|0|5370|0|70|0|25|0|21
2017|2310209|11785|0|11785|0|45|0|35|0|19
2017|2306256|13254|0|13254|0|34|0|28|0|27
2017|2300507|3664|0|3664|0|34|0|16|0|10
2017|2303006|4576|0|4576|0|61|0|23|0|6
2017|2306504|5490|0|5490|0|84|0|14|0|9
2017|2301505|3033|0|3033|0|46|0|9|0|7
2017|2303204|8584|0|8584|0|109|0|20|0|17
2017|2301307|7553|0|7553|0|40|0|27|0|17
2017|2301901|18091|0|17100|991|97|0|43|1|38
2017|2304707|18325|0|17517|808|98|0|60|1|43
2017|2301000|22120|0|21795|325|90|0|61|1|60
2017|2308351|3070|0|3070|0|42|0|9|0|9
2017|2308203|5540|0|5500|40|30|0|13|1|11
2017|2308500|13493|0|13493|0|123|0|45|0|22
2017|2308005|9325|0|9120|205|71|0|44|1|34
2017|2300606|2665|0|2665|0|18|0|7|0|7
2017|2303956|6383|0|6383|0|34|0|22|0|16
2017|2301802|1826|0|1826|0|34|0|7|0|3
2017|2313955|5487|0|5487|0|33|0|24|0|20
2017|2301604|6379|0|6379|0|66|0|17|0|17
2017|2303907|3350|0|3350|0|24|0|18|0|14
2017|2301950|7059|0|7059|0|31|0|18|0|10
2017|2310803|5296|0|5296|0|49|0|22|0|17
2017|2312700|8444|0|7805|639|48|0|20|1|19
2017|2302503|16379|0|15734|645|92|0|41|1|23
2017|2310506|13477|0|13477|0|115|0|43|0|32
2017|2302909|5109|0|5109|0|17|0|15|0|15
2017|2307205|2882|0|2882|0|36|0|10|0|6
2017|2304285|15873|0|15873|0|43|0|43|0|40
2017|2303808|6527|0|6527|0|43|0|25|0|24
2017|2309201|4549|0|4549|0|28|0|10|0|10
2017|2306207|2797|0|2797|0|19|0|7|0|6
2017|2309706|16285|0|16285|0|42|0|40|0|38
2017|2313757|4693|0|4693|0|51|0|25|0|8
2017|2311355|4166|0|3997|169|45|0|21|1|17
2017|2308906|6175|0|6175|0|50|0|23|0|22
2017|2305506|18881|0|17954|927|83|0|55|1|52
2017|2313807|7771|0|7771|0|40|0|28|0|20
2017|2303600|3361|0|3361|0|26|0|17|0|7
2017|2305209|5394|0|5394|0|68|0|18|0|10
2017|2313609|12331|0|12331|0|60|0|38|0|22
2017|2314102|22115|0|21709|406|163|0|102|1|25
2017|2304806|1429|0|1429|0|29|0|10|0|2
2017|2300309|15136|0|14564|572|212|0|43|1|34
2017|2311702|5741|0|5741|0|42|0|24|0|23
2017|2303659|4675|0|4675|0|29|0|13|0|13
2017|2308609|8578|0|8578|0|77|0|26|0|19
2017|2302602|27776|0|26513|1263|98|0|52|1|41
2017|2310001|2832|0|2832|0|17|0|9|0|7
2017|2309904|2879|0|2879|0|20|0|10|0|7
2017|2301703|7482|0|7084|398|80|0|22|1|15
2017|2311207|2644|0|2644|0|34|0|10|0|6
2017|2305308|5390|0|5390|0|38|0|22|0|22
2017|2303709|84086|0|84086|0|220|0|164|0|98
2017|2305266|3238|0|3238|0|55|0|18|0|3
2017|2310258|8978|0|8978|0|42|0|33|0|21
2017|2300804|2017|0|2017|0|26|0|8|0|4
2017|2307809|8081|0|8081|0|59|0|28|0|21
2017|2300705|3144|0|3144|0|41|0|13|0|9
2017|2304400|369803|0|352734|17069|739|0|464|9|459
2017|2303105|6562|0|6079|483|49|0|24|1|23
2017|2311231|2104|0|2104|0|23|0|9|0|8
2017|2304509|5348|0|5348|0|28|0|19|0|8
2017|2312106|5413|0|5413|0|44|0|20|0|17
2017|2311959|7189|0|7094|95|38|0|29|1|11
2017|2306108|7883|0|7883|0|70|0|31|0|20
2017|2312502|1234|0|1234|0|34|0|7|0|7
2017|2307254|5932|0|5932|0|31|0|19|0|18
2017|2304350|5290|0|5290|0|29|0|14|0|12
2017|2313252|3000|0|2867|133|24|0|7|1|8
2017|2304657|4759|0|4713|46|32|0|17|1|17
2017|2309805|3388|0|3388|0|26|0|13|0|9
2017|2313351|6690|0|6492|198|63|0|47|1|22
2017|2310100|3417|0|3417|0|29|0|13|0|9
2017|2313708|2081|0|2081|0|28|0|15|0|6
2017|2305332|4179|0|4179|0|66|0|13|0|6
2017|2300754|12193|0|12193|0|144|0|69|0|43
2017|2308377|3438|0|3438|0|47|0|13|0|11
2017|2302404|15386|0|15386|0|197|0|79|0|36
2017|2300200|20578|0|19994|584|85|0|52|1|50
2017|2312601|2881|0|2881|0|29|0|13|0|8
2017|2302305|7859|0|7830|29|49|0|35|1|33
2017|2304301|5591|0|5591|0|42|0|23|0|15
2017|2311504|4011|0|4011|0|31|0|17|0|17
2017|2304954|6968|0|6968|0|37|0|27|0|22
2017|2304905|3865|0|3674|191|31|0|10|1|11
2017|2300408|3485|0|3485|0|123|0|23|0|2
2017|2311264|6548|0|6548|0|109|0|34|0|18
2017|2310704|11074|0|11021|53|58|0|38|1|28
2017|2311108|5147|0|5147|0|63|0|23|0|9
2017|2307007|6388|0|6388|0|55|0|26|0|17
2017|2313559|4126|0|4126|0|24|0|22|0|20
2017|2313005|3838|0|3838|0|60|0|12|0|12
2017|2300150|5072|0|5072|0|17|0|11|0|8
2017|2312809|2033|0|2033|0|23|0|9|0|5
2017|2310951|2395|0|2395|0|32|0|19|0|5
2017|2305357|5848|0|5848|0|27|0|17|0|13
2017|2304608|3156|0|3156|0|37|0|10|0|8
2017|2305704|3171|0|3171|0|62|0|12|0|8
2017|2304269|2516|0|2516|0|19|0|9|0|9
2017|2308302|7450|0|6827|623|49|0|18|1|16
2017|2310605|2788|0|2788|0|23|0|11|0|7
2017|2311801|21347|0|21347|0|93|0|41|0|35
2017|2309003|4103|0|4103|0|37|0|12|0|11
2017|2304459|5010|0|5010|0|23|0|12|0|11
2017|2309458|7467|0|7467|0|49|0|20|0|20
2017|2310407|2915|0|2915|0|67|0|22|0|7
2017|2304004|7812|0|7812|0|45|0|18|0|15
2017|2309102|2920|0|2920|0|25|0|13|0|6
2017|2304277|1822|0|1822|0|23|0|7|0|6
2017|2304236|6718|0|6718|0|46|0|36|0|19
