NU_ANO_CENSO|CO_MUNICIPIO|TOTAL_MAT|TOTAL_MAT_EAD|TOTAL_MAT_PRESENCIAL|TOTAL_MAT_SEMI|TOTAL_ESCOLA|TOTAL_ESCOLA_EAD|TOTAL_ESCOLA_PRESENCIAL|TOTAL_ESCOLA_SEMI|TOTAL_ESCOLA_INTERNET
2018|2311306|16555|0|15970|585|172|0|63|1|38
2018|2302503|15969|0|15158|811|93|0|42|1|22
2018|2310308|8195|0|8097|98|191|0|69|4|29
2018|2311504|4224|0|4224|0|32|0|18|0|18
2018|2304400|383191|335|365656|17200|753|1|476|9|467
2018|2308005|10138|0|10028|110|71|0|42|1|38
2018|2301109|16964|0|16964|0|102|0|52|0|43
2018|2305506|21084|0|20422|662|84|0|55|1|47
2018|2310605|2845|0|2845|0|23|0|11|0|8
2018|2307106|6935|0|6935|0|66|0|29|0|22
2018|2303659|4577|0|4577|0|29|0|13|0|13
2018|2300705|3361|0|3361|0|41|0|13|0|9
2018|2305407|18985|0|18155|830|167|0|71|1|40
2018|2307700|22096|0|20199|1897|136|0|89|1|56
2018|2306256|11180|0|11180|0|34|0|28|0|27
2018|2311801|20724|0|20724|0|94|0|39|0|32
2018|2304954|6233|0|6233|0|37|0|27|0|21
2018|2313401|20710|0|19565|1145|152|0|72|1|58
2018|2312908|46368|0|44329|2039|184|0|79|1|75
2018|2307304|47872|0|44581|3291|133|0|106|1|95
2018|2302404|14661|0|14661|0|197|0|78|0|40
2018|2303501|17726|0|17726|0|121|0|59|0|35
2018|2310852|7697|0|7697|0|22|0|20|0|13
2018|2305803|10318|0|9673|645|89|0|36|1|26
2018|2309904|2872|0|2872|0|20|0|10|0|7
2018|2306603|10449|0|10449|0|88|0|36|0|14
2018|2304707|15482|0|14462|1020|98|0|60|1|41
2018|2304103|20964|0|19867|1097|152|0|63|1|52
2018|2306900|10622|0|10196|426|113|0|40|1|27
2018|2313500|13879|0|13497|382|121|0|50|1|27
2018|2309706|13309|0|13309|0|42|0|40|0|38
2018|2308708|13377|0|13377|0|118|0|42|0|22
2018|2312205|11328|0|11328|0|148|0|51|0|43
2018|2301000|20169|0|19962|207|90|0|61|1|61
2018|2303709|75987|0|74766|1221|221|0|163|1|107
2018|2307650|50770|0|47952|2818|113|0|102|2|95
2018|2305233|18356|0|17718|638|63|0|48|1|44
2018|2314003|8050|0|7998|52|130|0|43|1|33
2018|2309003|3420|0|3420|0|37|0|12|0|11
2018|2304905|3180|0|3014|166|31|0|10|1|11
2018|2301950|6917|0|6917|0|31|0|17|0|7
2018|2301406|3497|0|3497|0|17|0|13|0|12
2018|2300200|20155|0|19554|601|86|0|52|1|50
2018|2308609|7549|0|7549|0|78|0|27|0|21
2018|2311959|4923|0|4834|89|38|0|27|1|14
2018|2306405|32573|0|30823|1750|151|0|119|1|71
2018|2304202|25086|0|24080|1006|114|0|78|1|73
2018|2308104|10523|0|10523|0|64|0|55|0|28
2018|2312007|7619|0|7114|505|201|0|26|1|14
2018|2313955|4602|0|4602|0|33|0|24|0|20
2018|2310209|11877|0|11877|0|45|0|35|0|21
2018|2300309|14087|0|13422|665|213|0|43|1|36
2018|2314102|15729|0|15282|447|163|0|98|1|26
2018|2301257|3373|0|3373|0|36|0|11|0|11
2018|2306702|3466|0|3466|0|63|0|17|0|16
2018|2304277|1614|0|1614|0|23|0|9|0|8
2018|2306801|3510|0|3510|0|27|0|14|0|14
2018|2302305|8529|0|8495|34|49|0|35|1|34
2018|2301901|17855|0|16783|1072|97|0|43|1|38
2018|2308906|5806|0|5806|0|50|0|19|0|18
2018|2305001|12641|0|12256|385|60|0|38|1|20
2018|2313757|4635|0|4635|0|51|0|20|0|13
2018|2306108|9213|0|9213|0|70|0|28|0|18
2018|2306504|4204|0|4204|0|84|0|14|0|13
2018|2311405|21286|0|21286|0|185|0|90|0|67
2018|2300408|3299|0|3299|0|123|0|21|0|1
2018|2313104|5628|0|5628|0|41|0|21|0|20
2018|2311231|2225|0|2225|0|23|0|8|0|7
2018|2300150|3375|0|3375|0|17|0|11|0|8
2018|2306306|11823|0|11402|421|63|0|42|1|36
2018|2302206|13007|0|13007|0|96|0|49|0|43
2018|2303931|3120|0|2983|137|69|0|17|1|7
2018|2312403|15139|0|14686|453|68|0|49|1|49
2018|2302107|7927|0|7212|715|81|0|34|1|23
2018|2302800|18245|0|17336|909|218|0|95|1|33
2018|2313302|18308|0|17564|744|192|0|63|1|54
2018|2305209|4281|0|4281|0|68|0|17|0|10
2018|2310258|8034|0|8034|0|42|0|33|0|21
2018|2304251|6420|0|6420|0|30|0|29|0|29
2018|2309607|16661|0|13532|3129|69|0|49|1|38
2018|2308500|12844|0|12844|0|124|0|45|0|22
2018|2303956|5683|0|5683|0|34|0|22|0|17
2018|2306009|3912|0|3912|0|45|0|17|0|8
2018|2309300|8421|0|8421|0|80|0|38|0|19
2018|2301703|4779|0|4350|429|80|0|21|1|14
2018|2313203|8112|0|8112|0|181|0|37|0|24
2018|2307403|7587|0|7587|0|63|0|18|0|17
2018|2310506|13247|0|13247|0|115|0|43|0|35
2018|2301604|6179|0|6179|0|67|0|17|0|17
2018|2301851|4151|0|4151|0|26|0|18|0|16
2018|2302057|4679|0|4679|0|16|0|16|0|14
2018|2301208|7338|0|7338|0|70|0|22|0|20
2018|2305902|9526|0|9526|0|119|0|51|0|48
2018|2305605|4864|0|4864|0|108|0|47|0|13
2018|2311900|4284|0|4284|0|55|0|15|0|5
2018|2303303|4284|0|4219|65|51|0|10|1|10
2018|2300903|2996|0|2781|215|53|0|21|1|12
2018|2312304|11532|0|11068|464|114|0|46|1|19
2018|2302008|4120|0|4120|0|70|0|25|0|22
2018|2311108|4166|0|4166|0|63|0|19|0|9
2018|2305308|7570|0|7570|0|38|0|22|0|22
2018|2310704|9372|0|9320|52|58|0|36|1|26
2018|2303907|3294|0|3294|0|24|0|16|0|13
2018|2305332|5290|0|5179|111|66|0|13|1|6
2018|2302602|16282|0|15275|1007|100|0|50|1|47
2018|2300101|2349|0|2349|0|29|0|19|0|4
2018|2307908|3176|0|3176|0|28|0|18|0|14
2018|2305704|2872|0|2872|0|62|0|11|0|8
2018|2310100|2539|0|2539|0|30|0|11|0|9
2018|2301307|6185|0|6111|74|40|0|26|1|18
2018|2308401|8151|0|8151|0|93|0|35|0|15
2018|2307601|12582|0|11811|771|45|0|25|1|25
2018|2307254|6262|0|6262|0|31|0|19|0|19
2018|2312601|2533|0|2533|0|29|0|13|0|8
2018|2307809|7905|0|7905|0|59|0|28|0|23
2018|2301505|2021|0|2021|0|46|0|9|0|5
2018|2303204|6541|0|6541|0|109|0|20|0|18
2018|2304301|4385|0|4385|0|42|0|23|0|18
2018|2313906|4591|0|4591|0|41|0|15|0|14
2018|2303006|7080|0|7080|0|61|0|23|0|6
2018|2304657|5615|0|5564|51|32|0|17|1|17
2018|2303402|3975|0|3975|0|41|0|22|0|21
2018|2302909|4349|0|4349|0|18|0|16|0|16
2018|2313005|3827|0|3827|0|60|0|11|0|11
2018|2309458|7380|0|7380|0|50|0|21|0|19
2018|2304350|5115|0|5115|0|29|0|14|0|12
2018|2303105|6245|0|5734|511|49|0|24|1|22
2018|2308807|2154|0|2154|0|21|0|14|0|7
2018|2306207|2317|0|2317|0|19|0|7|0|7
2018|2306553|10631|0|10631|0|98|0|68|0|53
2018|2308377|3425|0|3425|0|47|0|13|0|12
2018|2305266|3229|0|3165|64|56|0|15|1|3
2018|2300754|10824|0|10824|0|145|0|70|0|41
2018|2304285|16305|0|16305|0|43|0|43|0|39
2018|2309508|4385|0|4289|96|40|0|16|1|9
2018|2305357|5378|0|5378|0|27|0|17|0|16
2018|2307502|5943|0|5943|0|57|0|28|0|25
2018|2313609|11711|0|11711|0|60|0|36|0|22
2018|2311207|2996|0|2996|0|34|0|10|0|6
2018|2304459|3313|0|3313|0|23|0|12|0|11
2018|2309409|9039|0|9039|0|81|0|28|0|21
2018|2308203|5057|0|5057|0|30|0|13|0|12
2018|2304806|1413|0|1413|0|29|0|10|0|3
2018|2309201|3963|0|3963|0|28|0|10|0|10
2018|2309805|2938|0|2938|0|26|0|12|0|10
2018|2310951|2370|0|2370|0|32|0|19|0|9
2018|2308351|2790|0|2790|0|42|0|9|0|9
2018|2308302|7291|0|6651|640|49|0|18|1|16
2018|2302701|5816|0|5599|217|60|0|28|1|12
2018|2303808|4863|0|4863|0|43|0|25|0|25
2018|2307007|6432|0|6432|0|55|0|26|0|16
2018|2300606|1932|0|1932|0|18|0|7|0|7
2018|2313708|1437|0|1437|0|28|0|12|0|7
2018|2311603|7459|0|7459|0|54|0|34|0|24
2018|2313559|4034|0|4034|0|24|0|22|0|13
2018|2310803|5593|0|5593|0|49|0|21|0|15
2018|2313807|7818|0|7818|0|40|0|29|0|21
2018|2312700|4851|0|4277|574|48|0|19|1|19
2018|2307635|4908|0|4908|0|63|0|22|0|13
2018|2312502|1412|0|1412|0|34|0|6|0|6
2018|2307205|2089|0|2089|0|36|0|10|0|7
2018|2311009|3300|0|3300|0|49|0|11|0|9
2018|2309102|2169|0|2169|0|25|0|12|0|5
2018|2311264|7448|0|7448|0|109|0|32|0|19
2018|2304608|2692|0|2692|0|37|0|10|0|9
2018|2305100|1444|0|1444|0|19|0|11|0|6
2018|2304509|3684|0|3684|0|28|0|19|0|8
2018|2304236|6147|0|6147|0|47|0|37|0|17
2018|2304004|6189|0|6189|0|45|0|18|0|15
2018|2301802|1395|0|1395|0|34|0|7|0|5
2018|2311702|4236|0|4236|0|42|0|24|0|23
2018|2313351|5214|0|5214|0|63|0|46|0|21
2018|2311355|3706|0|3505|201|45|0|21|1|13
2018|2304269|1978|0|1978|0|19|0|8|0|8
2018|2300507|2666|0|2666|0|34|0|16|0|12
2018|2312809|2559|0|2559|0|23|0|9|0|5
2018|2313252|2023|0|1845|178|25|0|8|1|6
2018|2305654|2804|0|2804|0|31|0|9|0|9
2018|2300804|2488|0|2488|0|26|0|7|0|4
2018|2310407|2883|0|2883|0|67|0|21|0|9
2018|2310902|3295|0|3295|0|16|0|13|0|12
2018|2310001|2782|0|2782|0|17|0|9|0|7
2018|2303600|2453|0|2453|0|26|0|17|0|7
2018|2312106|3943|0|3943|0|44|0|19|0|17
